{
  "advancedEditorSelectedIdentifier" : "ProjectBrowser",
  "openSceneRelativePaths" : [
    "Scene.usda"
  ],
  "recentIdentifiers" : {
    "D66134B1-3681-4A8E-AFE5-29F257229F3B" : [

    ]
  },
  "sceneCameraHistory" : {
    "D66134B1-3681-4A8E-AFE5-29F257229F3B" : [
      {
        "date" : 709248889.39870799,
        "title" : "Untitled",
        "transform" : [
          0.97929543256759644,
          -5.8773874656026237e-09,
          0.20243638753890991,
          0,
          0.085882946848869324,
          0.90554666519165039,
          -0.41546270251274109,
          0,
          -0.18331556022167206,
          0.42424657940864563,
          0.88679784536361694,
          0,
          -0.18047624826431274,
          0.44284963607788086,
          0.90569043159484863,
          1
        ]
      },
      {
        "date" : 709248855.83563399,
        "title" : "Untitled",
        "transform" : [
          0.97929543256759644,
          -5.8773874656026237e-09,
          0.20243638753890991,
          0,
          0.085882946848869324,
          0.90554666519165039,
          -0.41546270251274109,
          0,
          -0.18331556022167206,
          0.42424657940864563,
          0.88679784536361694,
          0,
          0.18701931834220886,
          0.54872268438339233,
          0.93100786209106445,
          1
        ]
      },
      {
        "date" : 709248842.24245703,
        "title" : "Untitled",
        "transform" : [
          0.27541488409042358,
          2.3414337135818641e-09,
          -0.96132546663284302,
          0,
          -0.032611288130283356,
          0.99942445755004883,
          -0.0093429731205105782,
          0,
          0.96077209711074829,
          0.033923257142305374,
          0.27525630593299866,
          0,
          1.0821863412857056,
          0.16082583367824554,
          -0.076526418328285217,
          1
        ]
      },
      {
        "date" : 709248832.57621002,
        "title" : "Untitled",
        "transform" : [
          0.97611266374588013,
          -2.4716542146308029e-09,
          -0.21726472675800323,
          0,
          -0.12707085907459259,
          0.81112962961196899,
          -0.57089561223983765,
          0,
          0.17622989416122437,
          0.58486652374267578,
          0.79175400733947754,
          0,
          0.21191175282001495,
          0.67383402585983276,
          0.74856317043304443,
          1
        ]
      },
      {
        "date" : 709248802.09466195,
        "title" : "Untitled",
        "transform" : [
          0.97661900520324707,
          -1.5102628037055865e-09,
          0.21497735381126404,
          0,
          0.1013631597161293,
          0.8818628191947937,
          -0.46048194169998169,
          0,
          -0.1895805150270462,
          0.47150620818138123,
          0.86124402284622192,
          0,
          -0.14162015914916992,
          0.56426656246185303,
          0.84903043508529663,
          1
        ]
      },
      {
        "date" : 709248789.43564105,
        "title" : "Untitled",
        "transform" : [
          0.97630524635314941,
          -1.93161753259119e-09,
          0.21639809012413025,
          0,
          0.078229837119579315,
          0.9323686957359314,
          -0.35294303297996521,
          0,
          -0.20176279544830322,
          0.36150890588760376,
          0.91027641296386719,
          0,
          -0.17296965420246124,
          0.59969604015350342,
          0.84856820106506348,
          1
        ]
      },
      {
        "date" : 709248494.87257302,
        "title" : "Untitled",
        "transform" : [
          1,
          0,
          0,
          0,
          0,
          0.70710688829421997,
          -0.70710670948028564,
          0,
          0,
          0.70710670948028564,
          0.70710688829421997,
          0,
          0.014757394790649414,
          0.89819258451461792,
          0.55014026165008545,
          1
        ]
      },
      {
        "date" : 709248490.28848505,
        "title" : "Untitled",
        "transform" : [
          1,
          0,
          0,
          0,
          0,
          0.70710688829421997,
          -0.70710670948028564,
          0,
          0,
          0.70710670948028564,
          0.70710688829421997,
          0,
          -0.058275669813156128,
          0.73196917772293091,
          0.71636366844177246,
          1
        ]
      }
    ]
  },
  "selectedSceneRelativePath" : "Scene.usda"
}